fm_wmMatrix =

       11488           0           0
        6684           0           0
        7687        6093           0
        7687        9853        8976
           0        6684        8976
           0        6093        6093


resultMatrix =

        6684           0           0
       19175        6093           0
       14371        9853        8976
        7687       18870       15069
        7687       15946       15069
        7687       16537       17952

00
00
00
01
01
10

adjMatrix = [
    0 1 0 0 0 0;
    1 0 1 0 0 0;
    0 1 0 1 0 0;
    0 0 1 0 1 1;
    0 0 0 1 0 1;
    0 0 0 1 1 0
];

